希思罗机场（伦敦机场）
位置：东经 50°78′0″，北纬 176°7′0″，纬度 51.479°，经度 -0.449°，海拔 25 米
估算数据在数值后标有 *。
缺失数据（一个月内缺失超过 2 天）用 --- 标记。
日照数据取自标有 # 的 Kipp & Zonen 自动传感器，否则日照数据取自 Campbell Stokes 记录仪。
   年 月 最高气温 最低气温 雨 太阳
              摄氏度 天 毫米 小时
   1948 1 8.9 3.3 --- 85.0 ---
   1948 2 7.9 2.2 --- 26.0 ---
   1948 3 14.2 3.8 --- 14.0 ---
   1948 4 15.4 5.1 --- 35.0 ---
   1948 5 18.1 6.9 --- 57.0 ---
   1948 6 19.1 10.3 --- 67.0 ---
   1948 7 21.7 12.0 --- 21.0 ---
   1948 8 20.8 11.7 --- 67.0 ---
   1948 9 19.6 10.2 --- 35.0 ---
   1948年10月14日 6.0 --- 50.0 ---
   1948年11月10日 4.6 --- 44.0 ---
   1948 12 8.8 3.8 --- 63.0 ---
   1949 1 8.5 1.8 9 23.0 ---
   1949 2 10.4 0.6 11 27.0 ---
   1949 3 9.3 1.2 11 26.1 ---
   1949 4 16.2 6.0 1 34.2 ---
   1949 5 17.1 6.8 0 56.9 ---
   1949 6 22.0 10.5 0 9.0 ---
   1949 7 25.1 12.9 0 46.5 ---
   1949 8 23.9 12.5 0 26.3 ---
   1949 9 22.8 13.3 0 23.3 ---
   1949年10月17日 8.6 3 139.6 ---
   1949年11月10日 2.9日 7 53.4 ---
   1949 12 9.2 2.9 6 33.0 ---
   1950 1 7.1 1.7 11 16.8 ---
   1950 2 9.9 2.4 7 82.2 ---
   1950 3 12.3 3.5 4 17.4 ---
   1950 4 12.9 4.2 1 54.8 ---
   1950 5 17.2 7.6 0 41.8 ---
   1950 6 23.6 12.3 0 44.6 ---
   1950 7 21.6 12.9 0 91.8 ---
   1950 8 21.9 12.1 0 68.8 ---
   1950 9 17.6 10.2 0 63.3 ---
   1950 10 14.0 6.1 3 10.9 ---
   1950 11 9.3 3.3 3 108.2 ---
   1950 12 3.8 -1.0 18 40.2 ---
   1951 1 7.3 1.5 7 71.3 ---
   1951 2 7.0 0.8 6 121.4 ---
   1951 3 8.4 1.7 6 86.0 ---
   1951 4 12.3 3.0 3 60.6 ---
   1951 5 15.0 7.0 0 53.0 ---
   1951 6 20.5 10.0 0 26.9 ---
   1951 7 23.0 12.9 0 33.8 ---
   1951 8 20.2 12.3 0 95.5 ---
   1951 9 19.2 11.3 0 66.3 ---
   1951年10月14日 6月6日 2月23日 ---
   1951 11 11.8 6.2 1 132.6 ---
   1951年12月8.9日3.1日7月36.9日---
   1952 1 6.2 0.4 13 47.0 ---
   1952 2 6.7 -0.3 14 16.1 ---
   1952 3 10.6 3.8 4 65.3 ---
   1952 4 15.6 5.8 2 39.9 ---
   1952 5 19.6 9.4 0 57.1 ---
   1952 6 20.9 10.9 0 30.0 ---
   1952 7 23.3 13.4 0 12.2 ---
   1952 8 21.6 13.3 0 63.5 ---
   1952 9 16.4 7.6 0 70.8 ---
   1952 10 13.2 5.7 4 69.8 ---
   1952 11 7.5 1.6 9 79.4 ---
   1952 12 5.8 -0.2 15 66.0 ---
   1953 1 5.6 0.6 14 21.2 ---
   1953 2 7.5 1.0 9 31.4 ---
   1953 3 11.1 1.0 12 8.5 ---
   1953 4 13.1 4.3 0 53.7 ---
   1953 5 18.7 8.9 0 32.4 ---
   1953 6 19.8 10.8 0 34.8 ---
   1953 7 21.0 12.1 0 75.3 ---
   1953 8 22.6 12.6 0 39.0 ---
   1953 9 19.5 9.8 0 47.4 ---
   1953年10月14日 7.1日 0 65.7 ---
   1953 11 11.3 5.2 0 28.6 ---
   1953年12月10日 5.1 1 13.3 ---
   1954 1 5.9 0.3 15 23.5 ---
   1954 2 6.1 0.4 8 51.5 ---
   1954 3 10.4 3.0 5 51.3 ---
   1954 4 13.2 2.8 2 8.9 ---
   1954 5 16.8 7.6 0 52.6 ---
   1954 6 18.6 10.7 0 95.3 ---
   1954 7 19.2 11.7 0 62.1 ---
   1954 8 19.8 11.5 0 87.5 ---
   1954 9 18.0 9.6 0 58.1 ---
   1954年10月16日 8.9日 1 54.1 ---
   1954 11 11.2 3.6 5 95.5 ---
   1954 12 9.7 3.4 5 46.6 ---
   1955 1 5.6 0.4 11 50.2 ---
   1955 2 5.0 -0.8 16 35.0 ---
   1955 3 7.9 0.2 18 22.8 ---
   1955 4 15.2 5.1 0 7.2 ---
   1955 5 15.5 6.4 0 103.2 ---
   1955 6 20.0 11.1 0 52.1 ---
   1955 7 24.4 13.1 0 7.1 ---
   1955 8 24.3 13.6 0 17.8 ---
   1955 9 19.9 9.9 0 42.7 ---
   1955 10 13.5 5.3 4 87.7 ---
   1955 11 10.7 4.2 5 30.1 ---
   1955 12 9.5 2.3 8 46.7 ---
   1956 1 7.0 0.5 14 88.6 ---
   1956 2 2.9 -3.6 22 2.3 ---
   1956 3 11.0 2.7 9 15.0 ---
   1956 4 12.1 2.4 3 29.1 ---
   1956 5 19.1 7.1 0 4.2 ---
   1956 6 18.5 9.6 0 41.5 ---
   1956 7 20.9 12.8 0 130.5 ---
   1956 8 18.8 10.9 0 99.5 ---
   1956 9 19.2 11.7 0 50.0 ---
   1956 10 13.8 6.0 0 74.1 ---
   1956 11 9.3 2.5 7 10.1 ---
   1956 12 8.2 3.5 5 70.3 ---
   1957 1 8.7 2.7 5 39.5 53.0
   1957 2 9.0 2.9 5 69.8 64.9
   1957 3 13.9 5.7 2 25.4 96.7
   1957 4 14.2 5.2 1 5.7 169.6
   1957 5 16.2 6.5 0 21.3 195.0
   1957 6 23.6 10.7 0 22.4 284.5
   1957 7 22.5 13.8 0 87.0 152.3
   1957 8 21.1 12.5 0 86.2 154.4
   1957 9 17.6 10.1 0 51.7 88.5
   1957 10 15.5 7.7 0 47.0 85.9
   1957年11月9.4日4.3日2日59.5日67.5日
   1957年12月7.6日1.0日11日42.1日40.8日
   1958 1 6.8 0.9 10 64.3 40.1
   1958 2 8.9 1.9 10 58.7 45.7
   1958 3 8.1 1.1 10 26.0 105.2
   1958 4 12.3 3.8 3 29.5 153.2
   1958 5 17.3 7.8 0 59.5 189.2
   1958 6 19.4 10.7 0 104.3 152.2
   1958 7 21.7 12.9 0 51.9 190.5
   1958 8 20.8 13.1 0 75.2 103.1
   1958 9 20.0 12.1 0 83.8 134.8
   1958 10 14.9 8.3 0 50.7 94.2
   1958年11月9.7日4.4日1日50.7日40.8日
   1958年12月8日 2.7 2 85.1 29.6
   1959 1 5.7 -1.1 23 54.8 76.2
   1959 2 7.4 1.2 7 2.4 54.8
   1959 3 11.9 4.4 0 43.8 103.9
   1959 4 14.2 6.3 0 52.9 139.1
   1959 5 18.7 8.0 0 21.9 221.4
   1959 6 22.1 11.1 0 16.2 231.6
   1959 7 24.7 13.3 0 86.5 276.9
   1959 8 24.2 13.7 0 27.6 240.0
   1959 9 22.7 10.6 0 5.1 209.2
   1959年10月17.8日8.5日0日46.9日150.1
   1959年11月10.8日3.5日6日53.5日53.0
   1959年12月9.3日3.0日1日75.7日30.2
   1960 1 6.9 1.8 12 47.9 34.4
   1960 2 7.9 1.6 7 48.0 80.1
   1960 3 10.2 4.5 0 33.9 65.0
   1960 4 14.3 4.6 1 12.4 156.1
   1960 5 18.4 9.3 0 45.6 181.7
   1960 6 22.1 12.1 0 42.8 248.6
   1960 7 20.1 12.4 0 67.2 139.7
   1960 8 20.3 11.8 0 60.8 150.9
   1960 9 18.5 10.5 0 75.3 128.4
   1960 10 14.2 8.2 0 155.5 75.2
   1960 11 11.2 4.5 4 89.5 69.4
   1960 12 6.9 2.1 5 56.5 44.5
   1961年 1 6.9 1.2 11 64.4 45.8
   1961 2 10.3 4.9 0 55.1 56.0
   1961年 3 13.9 2.9 4 5.7 166.7
   1961 4 15.0 7.1 0 50.8 73.5
   1961 5 16.8 7.4 0 17.2 217.2
   1961 6 21.7 10.5 0 29.2 229.3
   1961 7 22.1 12.1 0 26.2 180.0
   1961年 8月 21.7 12.6 0 47.6 158.8
   1961 9 20.9 12.0 0 64.7 125.4
   1961年10月15.6日7.6日1日56.8日117.2
   1961年11月9.9日3.5日7日52.5日55.6日
   1961年12月6.8日0.2日17日88.6日46.2
   1962 1 7.9 1.2 7 76.1 67.1
   1962 2 7.6 1.4 7 12.6 67.1
   1962 3 7.4 -0.6 16 35.8 111.4
   1962 4 12.7 4.7 0 41.8 142.7
   1962 5 15.0 7.1 0 29.6 157.9
   1962 6 20.4 9.4 0 6.1 260.5
   1962 7 20.6 12.1 0 82.8 135.0
   1962年8月20日11.6日0日52.9日173.6
   1962 9 17.8 9.6 0 88.4 152.0
   1962年10月15日 7.1日 1 37.6 114.4
   1962年11月9.1日3.2日8日41.7日33.6日
   1962 12 5.0 -1.1 22 52.8 64.1
   1963 1 0.8 -4.6 28 12.9 38.4
   1963 2 2.8 -2.2 24 6.6 72.2
   1963 3 10.7 3.0 7 68.2 95.9
   1963年4月13.6日5.7日1日52.1日123.2日
   1963 5 16.0 6.9 0 33.7 195.6
   1963 6 20.8 11.3 0 48.3 193.4
   1963 7 21.1 11.9 0 28.1 196.2
   1963年 8月 19.8 11.7 0 53.4 138.6
   1963 9 18.0 10.1 0 49.0 120.9
   1963年10月14.8日8.2日0日34.7日85.4
   1963年11月11日 11.8 6.0 1 118.8 59.3
   1963年12月5.4日0.0日16日16.1日44.1
   1964 1 5.8 0.4 9 17.8 37.4
   1964 2 7.6 2.0 7 16.8 59.2
   1964 3 7.6 2.6 5 95.1 66.8
   1964 4 12.8 5.4 2 73.5 126.1
   1964 5 19.6 9.8 0 46.1 197.8
   1964 6 19.3 11.2 0 110.1 164.1
   1964 7 22.8 13.5 0 20.2 219.7
   1964年 8月 22.3 12.7 0 21.2 215.7
   1964 9 21.1 10.6 0 11.1 213.7
   1964年10月13日 5.3日 1 29.2 126.2
   1964年11月11日 11.2 5.3 2 29.6 55.0
   1964年12月7.1日0.9日12月29.9日48.6日
   1965 1 6.6 1.0 14 43.0 72.8
   1965 2 5.9 0.9 11 8.3 32.5
   1965 3 10.5 2.2 9 58.0 129.7
   1965 4 13.4 4.8 0 44.8 138.6
   1965 5 16.8 8.6 0 39.5 194.6
   1965 6 19.7 11.0 0 54.6 184.7
   1965 7 19.3 11.7 0 85.9 129.9
   1965 8 20.8 11.9 0 55.9 184.7
   1965 9 17.4 9.2 0 109.4 130.0
   1965年10月16.2日7.5日1日18.8日129.1
   1965年11月8.4日2.2日9日65.4日96.5日
   1965年12月8.4日1.7日9日87.3日54.0
   1966 1 5.3 1.0 13 32.6 40.8
   1966 2 9.3 4.4 1 73.4 27.0
   1966年 3 10.9 2.6 4 12.2 122.6
   1966 4 12.2 5.4 0 98.6 88.7
   1966 5 17.0 7.5 0 50.5 222.9
   1966 6 21.8 12.2 0 66.7 205.4
   1966 7 20.1 12.2 0 78.0 161.6
   1966 8 20.6 11.6 0 86.2 199.7
   1966 9 19.6 10.8 0 36.7 161.4
   1966年10月14.7日8.6日0日122.1日81.3日
   1966年11月8.8日2.9日4日41.7日59.3日
   1966年12月9.3日2.2日6日62.5日36.3日
   1967年 1 7.3 2.1 12 36.4 66.1
   1967 2 9.3 2.6 7 48.6 89.5
   1967 3 11.6 3.7 1 35.7 172.9
   1967 4 12.5 4.4 1 44.1 138.2
   1967 5 15.6 7.8 1 102.1 183.6
   1967 6 20.1 10.3 0 51.0 210.0
   1967 7 23.5 13.8 0 73.5 239.5
   1967 8 21.5 12.7 0 47.4 182.9
   1967 9 18.5 11.1 0 59.5 118.6
   1967 10 15.0 8.8 0 103.8 99.1
   1967年11月9.7日2.6日5日42.3日78.7
   1967年12月7.2日1.3日11日54.0日61.3日
   1968 1 7.2 1.3 13 65.1 43.0
   1968 2 5.7 0.2 13 25.3 67.2
   1968年 3月 11.1日 3.5日 3月 22.6日 142.3
   1968 4 13.7 4.4 4 44.2 188.4
   1968 5 15.4 7.0 0 80.8 170.8
   1968 6 20.6 11.5 0 54.9 172.5
   1968 7 20.7 12.6 0 79.4 146.7
   1968 8 20.2 12.6 0 68.2 121.1
   1968 9 18.8 11.6 0 131.4 125.6
   1968 10 16.5 10.7 0 64.2 78.5
   1968年11月9.5日4.8日3日44.3日40.7日
   1968 12 5.4 1.0 12 74.9 30.7
   1969年 1 8.9 3.4 5 71.7 32.4
   1969 2 4.9 -0.9 15 45.0 70.5
   1969 3 8.0 1.3 7 56.0 66.8
   1969年 4 13.6 3.9 4 20.3 207.6
   1969 5 17.1 8.6 0 59.5 149.1
   1969 6 20.6 10.2 0 26.6 262.8
   1969 7 23.9 13.9 0 68.7 229.2
   1969 8 21.8 13.6 0 93.0 141.3
   1969年9月19.6日11.7日0日3.1日118.5日
   1969年10月18日 9.9 0 5.1 117.3
   1969年11月9.6日3.3日7日68.7日71.1日
   1969年12月6.1日1.4日9日46.1日18.5日
   1970 1 7.1 2.1 9 67.7 31.9
   1970 2 7.2 0.8 12 39.9 105.5
   1970 3 8.1 0.7 13 37.6 99.7
   1970 4 11.4 3.7 3 59.5 122.7
   1970 5 19.2 9.2 0 25.1 219.2
   1970 6 23.6 12.7 0 70.1 273.3
   1970 7 21.3 12.3 0 53.0 181.3
   1970年 8月 22.3 13.0 0 53.6 184.3
   1970 9 20.3 11.4 0 49.8 157.0
   1970 10 15.7 8.1 0 10.4 100.9
   1970 11 11.9 5.5 1 151.2 59.8
   1970年12月7日 1.7 10 38.5 45.3
