沃丁顿
位置：东经 49°8′8″，北纬 36°5′3″，纬度 53.175″，经度 -0.522″，海拔 68 米
估算数据在数值后标有 *。
缺失数据（一个月内缺失超过 2 天）用 --- 标记。
日照数据取自标有 # 的 Kipp & Zonen 自动传感器，否则日照数据取自 Campbell Stokes 记录仪。
   年 月 最高气温 最低气温 雨 太阳
              摄氏度 天 毫米 小时
   1947 1 3.3 -0.7 --- 34.0 60.0
   1947 2 -0.6 -3.8 --- 19.0 24.7
   1947 3 6.2 0.0 --- 95.0 73.7
   1947 4 12.6 4.7 --- 43.0 161.7
   1947 5 19.8 8.1 --- 13.0 209.4
   1947 6 21.7 11.0 --- 64.0 212.6
   1947 7 22.2 13.0 --- 34.0 183.4
   1947年8月26日12月4日---2.0日267.7
   1947 9 20.6 10.4 --- 28.0 163.4
   1947年10月15日 6.7 --- 6.0 103.4
   1947年11月9.5日3.6日---32.0日90.8
   1947年12月6.7日2.3日---54.0 34.0
   1948 1 7.3 2.3 --- 83.0 43.6
   1948 2 7.0 1.5 --- 17.0 63.0
   1948 3 13.0 3.0 --- 8.0 161.8
   1948 4 14.4 4.0 --- 31.0 204.1
   1948 5 16.9 5.8 --- 49.0 239.6
   1948 6 17.8 9.0 --- 78.0 168.6
   1948 7 20.0 10.8 --- 36.0 186.0
   1948 8 19.2 10.9 --- 70.0 129.7
   1948 9 18.0 10.1 --- 66.0 127.5
   1948年10月13日 6.2 --- 51.0 102.3
   1948年11月8.9日3.4 --- 25.0 67.1
   1948年12月7.4日2.8日---73.0日45.9
   1949 1 7.6 1.4 9 23.7 61.0
   1949 2 9.4 1.2 7 9.7 119.0
   1949 3 7.6 0.9 11 24.4 87.7
   1949 4 14.8 5.3 1 50.4 178.8
   1949 5 15.5 5.8 0 50.3 233.4
   1949 6 19.9 8.9 0 15.1 246.0
   1949 7 22.3 11.9 0 57.0 203.6
   1949 8 22.0 11.8 0 50.1 228.8
   1949 9 20.7 12.2 0 29.1 157.3
   1949年10月14日 7.3日 82.7日 119.7
   1949年11月8.9日2.9日2日62.0 68.3
   1949年12月8日 2.5 3 39.0 58.2
   1950 1 6.5 0.7 13 25.0 42.9
   1950 2 8.5 1.3 7 99.4 82.5
   1950 3 11.2 2.7 4 20.9 123.7
   1950 4 11.0 2.7 2 54.5 164.6
   1950 5 14.3 6.5 0 59.7 153.1
   1950 6 21.4 10.6 0 31.5 248.7
   1950 7 20.8 11.6 0 62.4 194.7
   1950 8 20.8 11.2 0 41.4 172.8
   1950 9 16.7 8.7 0 85.2 109.8
   1950 10 13.1 5.7 3 18.0 123.5
   1950年11月8.1日2.7日3日112.1日53.3日
   1950 12 2.9 -1.8 20 38.7 40.7
   1951 1 5.8 0.5 10 47.9 53.4
   1951 2 6.0 0.2 9 68.6 57.1
   1951 3 7.2 0.3 14 81.7 98.2
   1951 4 10.7 2.4 3 37.5 201.0
   1951 5 13.5 5.6 0 90.7 167.0
   1951 6 18.0 8.7 0 25.9 221.6
   1951 7 21.2 11.6 0 20.1 194.3
   1951年 8月 19.4 10.7 0 131.3 175.6
   1951年9月18.4日10.0日0日21.0日129.4
   1951年10月13.5日 5.4日 2日 22.1日 120.8
   1951年11月10日 10.9 4.7 1 121.9 59.4
   1951年12月8.1日1.4日8日32.5日61.3日
   1952 1 4.8 -0.7 18 30.1 87.1
   1952 2 6.2 -0.6 17 7.9 82.8
   1952 3 9.4 2.5 7 60.2 97.0
   1952 4 14.1 4.4 3 22.7 177.1
   1952 5 18.0 7.7 0 39.2 211.2
   1952 6 18.8 9.9 0 69.2 186.1
   1952 7 21.1 11.8 0 7.2 188.9
   1952 8 21.1 11.9 0 50.5 200.4
   1952 9 14.8 7.5 0 51.5 117.1
   1952年10月12日 5.1日 0 65.0 120.4
   1952 11 6.5 0.9 9 56.6 77.5
   1952年12月5.4日0.0日14日37.3日56.7日
   1953 1 5.4 0.8 10 22.8 44.7
   1953 2 7.2 1.0 12 34.9 65.1
   1953 3 10.2 0.7 15 24.9 124.5
   1953 4 11.1 2.7 0 139.6 179.8
   1953 5 17.3 7.5 0 75.6 232.5
   1953 6 17.2 10.0 0 49.9 137.5
   1953 7 19.8 11.0 0 39.3 199.9
   1953 8 21.2 11.0 0 48.5 212.8
   1953 9 18.2 9.3 0 30.0 158.8
   1953年10月13日 5.1日 3 46.9 76.5
   1953年11月10.6日 4.5日 2日 32.9日 52.8日
   1953年12月8.2日4.0日2日26.9日30.9日
   1954 1 5.0 -1.0 19 30.7 55.4
   1954 2 4.0 -2.2 16 57.9 50.1
   1954 3 8.5 1.3 7 42.3 91.5
   1954 4 11.7 2.5 5 7.8 147.6
   1954 5 15.8 6.5 0 69.6 144.6
   1954 6 16.7 9.4 0 68.9 149.8
   1954 7 17.9 9.8 0 60.1 125.1
   1954 8 18.1 10.5 0 100.8 108.6
   1954 9 16.5 8.3 0 52.2 172.5
   1954年10月14.8日8.3日1日82.1日87.9日
   1954年11月9.4日2.9日3月110.3日61.9日
   1954 12 8.5 3.0 7 68.5 50.1
   1955 1 4.3 -1.0 13 39.0 42.9
   1955 2 3.6 -3.5 21 65.0 82.6
   1955 3 6.8 -1.9 22 58.3 141.0
   1955 4 13.5 4.6 1 23.0 145.1
   1955 5 13.6 4.5 1 69.3 175.5
   1955 6 17.5 8.8 0 95.4 152.6
   1955 7 22.2 11.9 0 40.5 265.3
   1955 8 22.6 12.9 0 9.6 175.4
   1955 9 18.9 9.8 0 37.9 163.2
   1955年10月13.4日5.4日4月26.9日129.2
   1955年11月9.8日4.2日2月27.2日59.5日
   1955 12 8.0 1.5 9 37.5 58.9
   1956 1 4.9 -0.1 12 118.6 58.4
   1956 2 2.1 -4.0 24 34.9 65.2
   1956 3 9.9 1.2 9 17.1 129.0
   1956 4 10.4 1.8 7 33.3 159.7
   1956 5 17.4 6.9 0 12.3 253.8
   1956 6 16.6 8.5 0 96.7 139.9
   1956 7 19.2 12.0 0 72.5 160.9
   1956 8 17.0 9.6 0 217.5 137.7
   1956 9 18.1 9.9 0 42.7 126.0
   1956年10月12日 9月5日 3月0日 24.2日 108.0
   1956年11月8.7日3.2日3月19.7日63.2
   1956年12月7.4日2.9日10日31.8日22.7日
   1957 1 8.0 1.7 7 28.3 47.2
   1957 2 7.9 1.4 8 48.7 81.9
   1957 3 12.1 4.8 1 37.0 95.3
   1957 4 12.3 3.7 2 4.8 157.1
   1957 5 14.6 5.4 2 39.5 219.2
   1957 6 20.1 9.3 0 40.7 282.1
   1957 7 19.6 12.5 0 71.7 139.9
   1957 8 18.6 11.3 0 72.2 137.0
   1957 9 15.6 9.1 0 102.2 116.0
   1957年10月13.9日7.2日0日25.2日87.5
   1957年11月8.4日3.5日3日52.1日63.4日
   1957 12 6.9 1.3 10 35.5 60.2
   1958 1 5.5 -0.2 14 49.6 61.5
   1958 2 7.5 0.8 14 91.9 74.5
   1958 3 6.5 -0.2 16 44.2 122.4
   1958 4 11.2 3.0 5 10.0 162.8
   1958 5 16.0 6.8 0 44.0 190.2
   1958 6 17.2 9.4 0 121.9 135.5
   1958 7 19.8 11.8 0 126.1 184.5
   1958 8 19.9 11.8 0 72.1 159.6
   1958 9 18.6 10.9 0 53.2 154.7
   1958 10 13.6 7.0 0 36.4 106.8
   1958年11月8.2日3.1日3月19.1日54.9
   1958年12月6.3日1.2日10日73.1日23.4日
   1959 1 3.7 -1.9 23 58.2 76.5
   1959 2 7.1 1.2 10 8.1 64.6
   1959 3 10.4 3.4 0 48.8 96.0
   1959 4 13.5 5.4 0 39.5 179.1
   1959 5 17.0 6.9 0 18.6 237.4
   1959 6 20.4 10.3 0 13.4 254.4
   1959 7 22.9 12.3 0 30.0 249.8
   1959 8 22.9 12.7 0 16.6 216.6
   1959 9 20.3 9.9 0 2.2 177.0
   1959年10月17日 7.7 0 49.0 162.0
   1959年11月9.1日3.0日7日41.3日51.9日
   1959年12月8日 2.8 2 72.2 33.8
   1960 1 6.0 0.8 11 115.6 30.8
   1960 2 6.3 0.3 15 45.2 74.3
   1960 3 8.2 2.6 4 33.2 56.5
   1960 4 13.0 4.5 0 22.2 155.6
   1960 5 17.2 8.0 0 19.4 219.1
   1960 6 21.5 10.3 0 16.1 282.5
   1960 7 19.1 11.3 0 90.9 142.4
   1960 8 19.1 10.9 0 128.4 147.8
   1960 9 16.6 9.5 0 59.4 119.7
   1960 10 13.0 7.0 0 115.8 59.8
   1960年11月9.7日3.7日0日72.1日59.4
   1960年12月5.9日1.4日11日82.3日38.9日
   1961 1 5.1 0.3 14 79.7 34.1
   1961 2 9.3 3.6 0 29.1 56.7
   1961年 3 12.8 3.7 1 5.9 142.6
   1961 4 13.2 5.7 0 63.5 105.1
   1961 5 14.4 6.2 0 18.8 207.7
   1961 6 19.7 10.3 0 15.6 211.5
   1961 7 18.6 11.0 0 59.4 141.8
   1961年 8月 19.5 11.2 0 77.2 182.2
   1961 9 19.2 11.0 0 55.0 126.8
   1961年10月14日 14.1 6.8 0 51.7 101.8
   1961年11月8.8日2.6日5日22.5日58.5日
   1961年12月4.5日 -1.4日 22日 70.2 60.9
   1962 1 6.8 0.9 9 43.4 78.2
   1962 2 7.2 1.0 10 15.0 71.1
   1962 3 6.1 -1.5 22 27.7 121.0
   1962年4月11日 3.3日 2 58.7 150.3
   1962 5 13.6 5.8 0 42.9 151.9
   1962 6 18.6 8.8 0 3.5 228.2
   1962 7 18.2 10.3 0 39.2 125.3
   1962年 8月 18.3 10.6 0 102.3 153.8
   1962 9 16.4 8.9 0 77.0 119.7
   1962年10月13.8日6.5日1月15.9日101.9日
   1962年11月7.7日2.0日7日44.5日50.0
   1962年12月4日 -2.2 21 26.5 69.1
   1963 1 0.4 -4.3 27 22.4 61.8
   1963 2 0.9 -4.1 28 12.2 58.1
   1963 3 8.9 1.9 7 49.0 98.1
   1963年 4月 11.8日 4.1日 1日 47.2日 119.9
   1963 5 14.6 6.1 0 35.7 206.2
   1963 6 19.1 9.7 0 28.5 206.4
   1963 7 19.6 10.3 0 85.4 201.4
   1963 8 17.2 10.1 0 91.8 109.1
   1963 9 17.1 9.0 0 57.6 147.9
   1963年10月13.9日7.1日0日28.3日85.9日
   1963年11月10.5日 4.7日 0日 69.9日 52.5日
   1963年12月5日 0.0 10 14.8 51.6
   1964 1 4.9 -0.2 13 16.3 50.2
   1964 2 6.9 1.2 10 15.6 71.5
   1964 3 5.7 1.0 11 79.2 59.1
   1964 4 12.4 5.0 0 40.0 111.1
   1964 5 18.3 8.2 0 11.9 228.3
   1964 6 17.6 9.6 0 68.9 129.8
   1964 7 20.6 11.7 0 25.7 192.2
   1964 8 20.4 11.2 0 35.5 198.8
   1964 9 19.4 8.5 0 8.0 171.4
   1964年10月12.5日4.7日0日21.5日123.4
   1964年11月9.7日3.9日5日32.9日51.6日
   1964 12 5.6 -0.4 16 26.8 53.3
   1965 1 5.5 0.4 17 35.6 80.5
   1965 2 5.4 0.8 10 16.8 32.2
   1965 3 9.0 0.5 14 45.1 136.3
   1965 4 12.0 3.7 3 51.2 150.5
   1965 5 15.3 7.5 0 50.0 180.6
   1965 6 18.8 9.6 0 54.2 205.8
   1965 7 16.9 9.8 0 94.6 101.2
   1965 8 19.1 10.1 0 49.7 176.1
   1965 9 16.3 9.0 0 136.0 109.5
   1965 10 14.5 6.4 0 10.9 111.6
   1965年11月6.8日1.5日11日83.7日73.2日
   1965 12 6.3 1.2 6 140.0 56.9
   1966 1 4.0 -0.3 18 36.7 38.5
   1966 2 7.5 2.3 11 92.7 47.0
   1966 3 9.8 2.6 4 16.7 125.9
   1966 4 9.5 3.7 3 72.0 90.1
   1966 5 15.6 6.4 0 37.1 225.1
   1966 6 20.0 10.8 0 65.3 196.7
   1966 7 18.6 10.8 0 79.5 179.6
   1966 8 19.0 10.5 0 46.9 183.5
   1966 9 17.7 9.9 0 29.3 129.3
   1966年10月13日 6.6 0 74.0 80.2
   1966年11月7.7日2.3日4日47.6日48.3日
   1966年12月7.4日1.6日6日50.1日45.5日
   1967 1 6.2 1.2 10 20.9 74.7
   1967 2 8.1 2.0 5 43.8 88.3
   1967 3 10.8 3.8 1 28.5 174.3
   1967 4 11.0 3.8 2 41.4 126.9
   1967 5 14.1 5.8 2 113.3 180.7
   1967 6 18.6 9.0 0 50.7 247.7
   1967 7 21.6 12.6 0 27.7 224.8
   1967 8 20.2 11.4 0 46.1 146.4
   1967 9 17.3 9.8 0 32.8 116.2
   1967 10 14.0 7.5 0 100.5 120.0
   1967年11月8.0 2.1 7 69.9 63.0
   1967年12月6日 1.0 13 44.1 54.7
   1968 1 6.5 1.2 12 39.5 46.0
   1968 2 4.2 -0.8 18 16.6 52.8
   1968 3 10.4 2.4 7 16.6 113.2
   1968 4 13.0 3.6 7 49.1 206.4
   1968 5 13.8 5.5 0 47.9 172.2
   1968 6 19.1 9.9 0 48.4 200.7
   1968 7 18.3 10.8 0 114.8 109.0
   1968 8 19.1 11.4 0 65.7 141.2
   1968 9 17.3 9.9 0 84.1 113.5
   1968年10月15日 9.6 0 51.8 66.9
   1968年11月8.3日3.9日1日81.6日48.3日
   1968年12月4.2日0.3日14日30.2日38.0日
   1969年 1 7.4 2.5 7 58.6 27.3
   1969 2 2.5 -2.2 20 46.9 68.8
   1969 3 5.2 0.2 16 66.2 64.2
   1969 4 11.3 2.8 3 75.5 172.5
   1969 5 14.9 7.2 0 82.4 140.7
   1969 6 18.2 8.6 0 56.3 280.8
   1969 7 21.6 12.5 0 86.8 239.4
   1969 8 19.5 12.1 0 35.1 137.0
   1969 9 17.2 9.9 0 20.4 119.7
   1969年10月15.8日8.8日0日17.2日98.1
   1969年11月7.6日1.7日10日117.1日77.8日
   1969年12月4.8日0.7日16日61.9日28.7日
   1970 1 5.2 0.8 11 49.9 29.0
   1970 2 5.6 -0.2 13 49.8 112.0
   1970 3 6.5 -0.2 17 51.6 104.9
   1970 4 10.0 3.0 7 78.3 142.2
   1970 5 17.6 7.8 0 6.0 216.7
   1970 6 21.6 10.4 0 18.6 268.9
   1970 7 19.5 11.6 0 45.9 169.4
   1970 8 20.2 11.7 0 80.3 187.8
   1970 9 18.3 10.2 0 23.8 162.3
   1970年10月14日 7.1日 0 31.7 104.5
   1970 11 9.8 4.4 2 119.8 60.3
   1970年12月6.1日1.5日10日25.6日49.5日

